browser position chr5:376809-179071958
browser hide all
track name="TARGET-10-PARFTR-03A-01D.csv" description=" " visibility=dense itemRgb="on"
