browser position chr13:24895437-115024810
browser hide all
track name="TARGET-10-PASKAY-03A-01D.csv" description=" " visibility=dense itemRgb="on"
