browser position chr20:10633237-56237041
browser hide all
track name="TARGET-20-PANLRE-04A-01D.csv" description=" " visibility=dense itemRgb="on"
